{
 "cells": [
  {
   "cell_type": "code",
   "execution_count": 2,
   "id": "1f6b554d-9955-487d-aba5-40a832cc17cc",
   "metadata": {},
   "outputs": [],
   "source": [
    "import pandas as pd\n",
    "from scipy import sparse\n",
    "from sklearn.metrics.pairwise import cosine_similarity\n",
    "ratings=pd.read_csv(\"toy_dataset.csv\",index_col=0)"
   ]
  },
  {
   "cell_type": "code",
   "execution_count": 3,
   "id": "f106f182-522e-4709-b9a8-a5db1aa2ea72",
   "metadata": {},
   "outputs": [
    {
     "data": {
      "text/html": [
       "<div>\n",
       "<style scoped>\n",
       "    .dataframe tbody tr th:only-of-type {\n",
       "        vertical-align: middle;\n",
       "    }\n",
       "\n",
       "    .dataframe tbody tr th {\n",
       "        vertical-align: top;\n",
       "    }\n",
       "\n",
       "    .dataframe thead th {\n",
       "        text-align: right;\n",
       "    }\n",
       "</style>\n",
       "<table border=\"1\" class=\"dataframe\">\n",
       "  <thead>\n",
       "    <tr style=\"text-align: right;\">\n",
       "      <th></th>\n",
       "      <th>action1</th>\n",
       "      <th>action2</th>\n",
       "      <th>action3</th>\n",
       "      <th>romantic1</th>\n",
       "      <th>romantic2</th>\n",
       "      <th>romantic3</th>\n",
       "    </tr>\n",
       "  </thead>\n",
       "  <tbody>\n",
       "    <tr>\n",
       "      <th>user 1</th>\n",
       "      <td>4.0</td>\n",
       "      <td>5.0</td>\n",
       "      <td>3.0</td>\n",
       "      <td>0.0</td>\n",
       "      <td>2.0</td>\n",
       "      <td>1.0</td>\n",
       "    </tr>\n",
       "    <tr>\n",
       "      <th>user 2</th>\n",
       "      <td>5.0</td>\n",
       "      <td>3.0</td>\n",
       "      <td>3.0</td>\n",
       "      <td>2.0</td>\n",
       "      <td>2.0</td>\n",
       "      <td>0.0</td>\n",
       "    </tr>\n",
       "    <tr>\n",
       "      <th>user 3</th>\n",
       "      <td>1.0</td>\n",
       "      <td>0.0</td>\n",
       "      <td>0.0</td>\n",
       "      <td>4.0</td>\n",
       "      <td>5.0</td>\n",
       "      <td>4.0</td>\n",
       "    </tr>\n",
       "    <tr>\n",
       "      <th>user 4</th>\n",
       "      <td>0.0</td>\n",
       "      <td>2.0</td>\n",
       "      <td>1.0</td>\n",
       "      <td>4.0</td>\n",
       "      <td>0.0</td>\n",
       "      <td>3.0</td>\n",
       "    </tr>\n",
       "    <tr>\n",
       "      <th>user 5</th>\n",
       "      <td>1.0</td>\n",
       "      <td>0.0</td>\n",
       "      <td>2.0</td>\n",
       "      <td>3.0</td>\n",
       "      <td>3.0</td>\n",
       "      <td>4.0</td>\n",
       "    </tr>\n",
       "  </tbody>\n",
       "</table>\n",
       "</div>"
      ],
      "text/plain": [
       "        action1  action2  action3  romantic1  romantic2  romantic3\n",
       "user 1      4.0      5.0      3.0        0.0        2.0        1.0\n",
       "user 2      5.0      3.0      3.0        2.0        2.0        0.0\n",
       "user 3      1.0      0.0      0.0        4.0        5.0        4.0\n",
       "user 4      0.0      2.0      1.0        4.0        0.0        3.0\n",
       "user 5      1.0      0.0      2.0        3.0        3.0        4.0"
      ]
     },
     "execution_count": 3,
     "metadata": {},
     "output_type": "execute_result"
    }
   ],
   "source": [
    "ratings.fillna(0, inplace=True)\n",
    "ratings"
   ]
  },
  {
   "cell_type": "code",
   "execution_count": 4,
   "id": "2621d342-07e2-4ca3-b7c1-d0f0c5838e8d",
   "metadata": {},
   "outputs": [
    {
     "name": "stdout",
     "output_type": "stream",
     "text": [
      "           user 1  user 2  user 3    user 4    user 5\n",
      "action1      0.36    0.56   -0.24 -0.440000 -0.240000\n",
      "action2      0.60    0.20   -0.40  0.000000 -0.400000\n",
      "action3      0.40    0.40   -0.60 -0.266667  0.066667\n",
      "romantic1   -0.65   -0.15    0.35  0.350000  0.100000\n",
      "romantic2   -0.08   -0.08    0.52 -0.480000  0.120000\n",
      "romantic3   -0.35   -0.60    0.40  0.150000  0.400000\n"
     ]
    },
    {
     "data": {
      "text/html": [
       "<div>\n",
       "<style scoped>\n",
       "    .dataframe tbody tr th:only-of-type {\n",
       "        vertical-align: middle;\n",
       "    }\n",
       "\n",
       "    .dataframe tbody tr th {\n",
       "        vertical-align: top;\n",
       "    }\n",
       "\n",
       "    .dataframe thead th {\n",
       "        text-align: right;\n",
       "    }\n",
       "</style>\n",
       "<table border=\"1\" class=\"dataframe\">\n",
       "  <thead>\n",
       "    <tr style=\"text-align: right;\">\n",
       "      <th></th>\n",
       "      <th>action1</th>\n",
       "      <th>action2</th>\n",
       "      <th>action3</th>\n",
       "      <th>romantic1</th>\n",
       "      <th>romantic2</th>\n",
       "      <th>romantic3</th>\n",
       "    </tr>\n",
       "  </thead>\n",
       "  <tbody>\n",
       "    <tr>\n",
       "      <th>action1</th>\n",
       "      <td>1.000000</td>\n",
       "      <td>0.706689</td>\n",
       "      <td>0.813682</td>\n",
       "      <td>-0.799411</td>\n",
       "      <td>-0.025392</td>\n",
       "      <td>-0.914106</td>\n",
       "    </tr>\n",
       "    <tr>\n",
       "      <th>action2</th>\n",
       "      <td>0.706689</td>\n",
       "      <td>1.000000</td>\n",
       "      <td>0.723102</td>\n",
       "      <td>-0.845154</td>\n",
       "      <td>-0.518999</td>\n",
       "      <td>-0.843374</td>\n",
       "    </tr>\n",
       "    <tr>\n",
       "      <th>action3</th>\n",
       "      <td>0.813682</td>\n",
       "      <td>0.723102</td>\n",
       "      <td>1.000000</td>\n",
       "      <td>-0.847946</td>\n",
       "      <td>-0.379980</td>\n",
       "      <td>-0.802181</td>\n",
       "    </tr>\n",
       "    <tr>\n",
       "      <th>romantic1</th>\n",
       "      <td>-0.799411</td>\n",
       "      <td>-0.845154</td>\n",
       "      <td>-0.847946</td>\n",
       "      <td>1.000000</td>\n",
       "      <td>0.148039</td>\n",
       "      <td>0.723747</td>\n",
       "    </tr>\n",
       "    <tr>\n",
       "      <th>romantic2</th>\n",
       "      <td>-0.025392</td>\n",
       "      <td>-0.518999</td>\n",
       "      <td>-0.379980</td>\n",
       "      <td>0.148039</td>\n",
       "      <td>1.000000</td>\n",
       "      <td>0.393939</td>\n",
       "    </tr>\n",
       "    <tr>\n",
       "      <th>romantic3</th>\n",
       "      <td>-0.914106</td>\n",
       "      <td>-0.843374</td>\n",
       "      <td>-0.802181</td>\n",
       "      <td>0.723747</td>\n",
       "      <td>0.393939</td>\n",
       "      <td>1.000000</td>\n",
       "    </tr>\n",
       "  </tbody>\n",
       "</table>\n",
       "</div>"
      ],
      "text/plain": [
       "            action1   action2   action3  romantic1  romantic2  romantic3\n",
       "action1    1.000000  0.706689  0.813682  -0.799411  -0.025392  -0.914106\n",
       "action2    0.706689  1.000000  0.723102  -0.845154  -0.518999  -0.843374\n",
       "action3    0.813682  0.723102  1.000000  -0.847946  -0.379980  -0.802181\n",
       "romantic1 -0.799411 -0.845154 -0.847946   1.000000   0.148039   0.723747\n",
       "romantic2 -0.025392 -0.518999 -0.379980   0.148039   1.000000   0.393939\n",
       "romantic3 -0.914106 -0.843374 -0.802181   0.723747   0.393939   1.000000"
      ]
     },
     "execution_count": 4,
     "metadata": {},
     "output_type": "execute_result"
    }
   ],
   "source": [
    "def standardize(row):\n",
    "    new_row = (row - row.mean())/(row.max()-row.min())\n",
    "    return new_row\n",
    "\n",
    "df_std = ratings.apply(standardize).T\n",
    "print(df_std)\n",
    "\n",
    "sparse_df = sparse.csr_matrix(df_std.values)\n",
    "corrMatrix = pd.DataFrame(cosine_similarity(sparse_df),index=ratings.columns,columns=ratings.columns)\n",
    "corrMatrix"
   ]
  },
  {
   "cell_type": "code",
   "execution_count": 5,
   "id": "067bf03a-8774-46c3-a9d8-32c18564581e",
   "metadata": {},
   "outputs": [
    {
     "data": {
      "text/html": [
       "<div>\n",
       "<style scoped>\n",
       "    .dataframe tbody tr th:only-of-type {\n",
       "        vertical-align: middle;\n",
       "    }\n",
       "\n",
       "    .dataframe tbody tr th {\n",
       "        vertical-align: top;\n",
       "    }\n",
       "\n",
       "    .dataframe thead th {\n",
       "        text-align: right;\n",
       "    }\n",
       "</style>\n",
       "<table border=\"1\" class=\"dataframe\">\n",
       "  <thead>\n",
       "    <tr style=\"text-align: right;\">\n",
       "      <th></th>\n",
       "      <th>action1</th>\n",
       "      <th>action2</th>\n",
       "      <th>action3</th>\n",
       "      <th>romantic1</th>\n",
       "      <th>romantic2</th>\n",
       "      <th>romantic3</th>\n",
       "    </tr>\n",
       "  </thead>\n",
       "  <tbody>\n",
       "    <tr>\n",
       "      <th>action1</th>\n",
       "      <td>1.000000</td>\n",
       "      <td>0.706689</td>\n",
       "      <td>0.813682</td>\n",
       "      <td>-0.799411</td>\n",
       "      <td>-0.025392</td>\n",
       "      <td>-0.914106</td>\n",
       "    </tr>\n",
       "    <tr>\n",
       "      <th>action2</th>\n",
       "      <td>0.706689</td>\n",
       "      <td>1.000000</td>\n",
       "      <td>0.723102</td>\n",
       "      <td>-0.845154</td>\n",
       "      <td>-0.518999</td>\n",
       "      <td>-0.843374</td>\n",
       "    </tr>\n",
       "    <tr>\n",
       "      <th>action3</th>\n",
       "      <td>0.813682</td>\n",
       "      <td>0.723102</td>\n",
       "      <td>1.000000</td>\n",
       "      <td>-0.847946</td>\n",
       "      <td>-0.379980</td>\n",
       "      <td>-0.802181</td>\n",
       "    </tr>\n",
       "    <tr>\n",
       "      <th>romantic1</th>\n",
       "      <td>-0.799411</td>\n",
       "      <td>-0.845154</td>\n",
       "      <td>-0.847946</td>\n",
       "      <td>1.000000</td>\n",
       "      <td>0.148039</td>\n",
       "      <td>0.723747</td>\n",
       "    </tr>\n",
       "    <tr>\n",
       "      <th>romantic2</th>\n",
       "      <td>-0.025392</td>\n",
       "      <td>-0.518999</td>\n",
       "      <td>-0.379980</td>\n",
       "      <td>0.148039</td>\n",
       "      <td>1.000000</td>\n",
       "      <td>0.393939</td>\n",
       "    </tr>\n",
       "    <tr>\n",
       "      <th>romantic3</th>\n",
       "      <td>-0.914106</td>\n",
       "      <td>-0.843374</td>\n",
       "      <td>-0.802181</td>\n",
       "      <td>0.723747</td>\n",
       "      <td>0.393939</td>\n",
       "      <td>1.000000</td>\n",
       "    </tr>\n",
       "  </tbody>\n",
       "</table>\n",
       "</div>"
      ],
      "text/plain": [
       "            action1   action2   action3  romantic1  romantic2  romantic3\n",
       "action1    1.000000  0.706689  0.813682  -0.799411  -0.025392  -0.914106\n",
       "action2    0.706689  1.000000  0.723102  -0.845154  -0.518999  -0.843374\n",
       "action3    0.813682  0.723102  1.000000  -0.847946  -0.379980  -0.802181\n",
       "romantic1 -0.799411 -0.845154 -0.847946   1.000000   0.148039   0.723747\n",
       "romantic2 -0.025392 -0.518999 -0.379980   0.148039   1.000000   0.393939\n",
       "romantic3 -0.914106 -0.843374 -0.802181   0.723747   0.393939   1.000000"
      ]
     },
     "execution_count": 5,
     "metadata": {},
     "output_type": "execute_result"
    }
   ],
   "source": [
    "corrMatrix = ratings.corr(method='pearson')\n",
    "corrMatrix.head(6)"
   ]
  },
  {
   "cell_type": "code",
   "execution_count": 6,
   "id": "69702a87-324a-46ca-ad31-df8e9278157c",
   "metadata": {},
   "outputs": [],
   "source": [
    "def get_similar(movie_name,rating):\n",
    "    similar_score = corrMatrix[movie_name]*(rating-2.5)\n",
    "    similar_score = similar_score.sort_values(ascending=False)\n",
    "    #print(type(similar_ratings))\n",
    "    return similar_score"
   ]
  },
  {
   "cell_type": "code",
   "execution_count": 15,
   "id": "606e418d-f855-47be-99e6-68673f379b69",
   "metadata": {},
   "outputs": [
    {
     "name": "stdout",
     "output_type": "stream",
     "text": [
      "       movie  rating         similar_movie  similarity_score\n",
      "0    action1       5    similar_to_action1               0.5\n",
      "1  romantic2       1  similar_to_romantic2               0.1\n",
      "2  romantic3       1  similar_to_romantic3               0.1\n"
     ]
    }
   ],
   "source": [
    "def get_similar(movie, rating):\n",
    "    # This is just a mock-up example. Replace it with your actual logic.\n",
    "    data = {\n",
    "        'movie': [movie],\n",
    "        'rating': [rating],\n",
    "        'similar_movie': [f'similar_to_{movie}'],\n",
    "        'similarity_score': [rating * 0.1]\n",
    "    }\n",
    "    return pd.DataFrame(data)\n",
    "action_lover = [(\"action1\", 5), (\"romantic2\", 1), (\"romantic3\", 1)]\n",
    "similar_scores = pd.DataFrame()\n",
    "\n",
    "for movie, rating in action_lover:\n",
    "    similar_scores = pd.concat([similar_scores, get_similar(movie, rating)], ignore_index=True)\n",
    "\n",
    "print(similar_scores.head(10))\n"
   ]
  },
  {
   "cell_type": "code",
   "execution_count": 17,
   "id": "8faa378b-1659-4055-9896-d8e9088349dc",
   "metadata": {},
   "outputs": [
    {
     "name": "stdout",
     "output_type": "stream",
     "text": [
      "rating              7.0\n",
      "similarity_score    0.7\n",
      "dtype: float64\n"
     ]
    }
   ],
   "source": [
    "def get_similar(movie, rating):\n",
    "    # This is just a mock-up example. Replace it with your actual logic.\n",
    "    data = {\n",
    "        'movie': [movie],\n",
    "        'rating': [rating],\n",
    "        'similar_movie': [f'similar_to_{movie}'],\n",
    "        'similarity_score': [rating * 0.1]\n",
    "    }\n",
    "    return pd.DataFrame(data)\n",
    "action_lover = [(\"action1\", 5), (\"romantic2\", 1), (\"romantic3\", 1)]\n",
    "similar_scores = pd.DataFrame()\n",
    "\n",
    "for movie, rating in action_lover:\n",
    "    similar_scores = pd.concat([similar_scores, get_similar(movie, rating)], ignore_index=True)\n",
    "numerical_sum = similar_scores.select_dtypes(include='number').sum().sort_values(ascending=False)\n",
    "\n",
    "print(numerical_sum)\n"
   ]
  },
  {
   "cell_type": "code",
   "execution_count": null,
   "id": "28a1718c-e763-4e78-b2bc-95e31443e0ee",
   "metadata": {},
   "outputs": [],
   "source": []
  }
 ],
 "metadata": {
  "kernelspec": {
   "display_name": "Python 3 (ipykernel)",
   "language": "python",
   "name": "python3"
  },
  "language_info": {
   "codemirror_mode": {
    "name": "ipython",
    "version": 3
   },
   "file_extension": ".py",
   "mimetype": "text/x-python",
   "name": "python",
   "nbconvert_exporter": "python",
   "pygments_lexer": "ipython3",
   "version": "3.12.3"
  }
 },
 "nbformat": 4,
 "nbformat_minor": 5
}
